$ANSIBLE_VAULT;1.1;AES256
35643364643037303833323835643133633839333264353866643833313434663937623932633837
3261383337383265646131353831326533373734633039330a666466653438616563303065323036
61373033323235306336653733636137663932613233363430383163353934386262313134373437
3133613362376335330a643738383134333233346236303966616664663637366564656563343935
34616665323565653539356130363738643931646666316439656664306336386130396333343832
37366561646133306565623261346537653835303232303035663565326265656461653162663238
37656436653463646361633731366665376634346337303434383437643831373962623430303235
65653338366664633134373538663530336639613962366231366562363739613734363834313036
65636530333961643065636136366430663034336532356430623033346362303631333139353364
66613165303638386238336134643339306233613463663739333964356662663830653262346332
38376633653536623137616364663266663737303562333230366435353164356630353137386133
31363736643236336337373863656534303131613839666533346434343464323835393231393232
37623530343537623466326565373832383863393636363538626564336635316138343939663631
35653130343939613631346334333237353234663865363839633934656334333165333135623039
36343338333335306665363937316537656234396435333366616134643231353763333933353330
31626264336232323238646236623534616237316464333462613865383465666238383932363662
38393637386537373737653632653431376365363263346361363563653135643130623736396565
61343037646463363334393838323363613139653632623832353433643763636537326131396139
66633233613530393833643130656536616534366131373164343361653730643736393734666437
31393833656536666264633431343533373266616134616662366638306138356130636238633430
38613336313565373765626330303534393465636366353966336134636461376238313834323333
34656436393534353138613432666335316433343130663037336132316334326336316537653964
66613864386162346233636232656339313533353530346132306161396234313464643430663238
63356364346139396466623937336532643430393562316166343464646230616237396235623563
33393435656665383235396335663438343362653762613430303432346461333131376532323630
36343830326539663034343539623065383661623835373563353639323464363266376139393634
38633961343336333861313961396535316162313432653837373633316132396665376137323066
34323931323932643961646639613464626539363133323762353639333231613265323665663737
39363931623636353330323965343836396330316166356238623062613334623833646439303765
31303163663261343863666532336231633132643336633766343733316466643565386133386465
36663332303534616465653437396436643531646364373037373965633661663338633961356139
63336464383161636262396266303262336630656139326636626637343864373539643563303931
64636131343430323230303534323061313963353939623163663235353366323635326632323263
32386636303832313236336162663933353833346438306636353338313562326439343633373332
33616336366437616261326132353733623466643639336263613434643064353233663362306635
39373939303862623462356537396631383435393361373432663164623239396662353666626231
38373064353538323661373964383934653166383162383834613933363330353662666663366137
63616461623731613662616339363861396632353831623834316137313832346662643566623336
66303539313866343166313463376432643630643665613131303566643662383830323666303361
61383466343961396163666533356166666663343635306333326563356231663430366638643634
35616562333031626136353936656434363239643333393937373131623932653833653435616437
39333531636637336334326133376230346437653736393566316166366139636564306135633339
66636262326362623461643164343731386637613965343566373432393232373338643038323661
61633665643563373938353066326638336233643564633463366233356165303239613734653534
38306136396366613735643464323661646636346433383838623961613165383430323632373466
65633665333364633931336635386164376433613738656266613536343766373339636136363461
32633566303565616432313830303534353162343934336236646462366165663436303361656632
38376230316135313537653232333331663363363931396530633033633165623232633731316364
65393335613436353566346136343335356634643964656438376663323937343033373363366237
37333030653139373061363035396665363064353761663163636230373936306636363438323534
39663862303537306537363230636330336239633862393530616363623465653164613937633662
63653439336536663664383033343534346237306665663936643561313332313534373739393766
39373538393966313034623635353334373066333136373639663761633131343165316665326435
65393036363337663462336162313537396564366135643833316537303839303336343131646238
37306461643232316537373838663365666361383634326166646561636461326562663464333830
36303632353763383134306139313565323565383336633161356262306634336334353031623964
31326161613266653065643731666338326134393439356533656635343466636138623063663735
66613132633632376565376437356461363138343536653763316238633761393831316231336633
37653531626362363730333962333133393032616430333332623134353037353930383563303831
32323166393265333334663936393363626336386163313038383061303530663937333436336262
38663935643434633338626162353064663431653865616532373631363031613665306166363663
30316636383739656637663861303239633538356138376334353032316634326335373830353866
39636164303862323766623039303638373563613439326162636138383530393631646365616162
38346663363734316266363337313732306464383433373034383865333665336431303733366234
32383164653663386633633235323530336466373235613333333865666463393766613137353965
39393562616531653130313133386134616433303136363130663137373464626565623864313138
37656364663832306338363831626333623761336161626334656632356533373730333163396230
64386638646336373630346333383165396330356632306466346364376433313766663864663861
33663932613663633464663563616333623933663131306562303066393339373064396465656235
66356139316138623433653234316162333031613361666434663731313937656362333638616239
37333665636138613938313931396162303135653437306563363238373865306539626639336433
66613136656264393636656462363038393263623733613739653631303536353766623631393337
61326261366438656661616263376234646235616335666539636464323434383161303763386565
65376362613833636136396262613739623564366234626635353231343133333437656563313433
35366166626563386338326537636637653436643662313364376331373639363031643937363734
61623439656262373435383061303761353630613538353866306633663335623636326261383162
30386538343838646465343861396465656139653466373764373664336662313366653466383266
64633162323663663538353863633834386338643064663438343537313138346139356465323063
33326638383361313163376134353766633838333234313134333366396235333361666335303862
31623963656162346164613035373665633738636234613061386665383534313664623835646234
35613031323537633939343566376633326239396265653931386264643437393766336134313737
61313030346537313736316163366234626161663130646336383865396336316163663731356563
61653331393863396437396635333766616535303666373865613135303934666234393433343861
39366663623939643039653666356561326130373339323035333066663761356534613736383032
32663034623566393264633965663362323933383138306438666332396336663664343135313939
33653137336636343862336433656232326264663336366530643530376162626432626538633934
34656431343736353130353835313366623731613631383236316437643238363962303262346330
64396139666662383037313635363035653766343730356338393631386637386139646434363635
36346332306366373231366262646134316139613964366335666264633736353062666465613434
33323934333031316435323461626439643464326630323430343730383235346638396130343664
39303437306536613664656539323439613638633232613032333534383564313139656461323430
34653438316362353066666331366536303535653736643537386633396130333836356138646165
30336465623530353261366462393334306664626632373934336537336163363162333365623131
30656430386539336335376466383434373233636533656432623666396535623138316134333232
34646539366433363665383836643739623139313366313636343663396563323163613335613266
39356430346433353033313536356336396531393335323934323234616230326437363161623138
66656637633265666666333066373538653832633739663531313265386338363130653534383032
33313932303263626536313632613535393532336365396632303963333634353433366137653362
30663434623566356436366631613032623062643834366663343862633336376537643031653534
31383132326334366165366635653633396536356237643262313637643734616566313231626132
63363739343931663738316139653939376234343635343463363432323264613662373039376131
62343330386135396664376561343937653433643034373733636130386130306431306233383132
39393833656231653464383833653464336434363062666531376163343739656335616630353130
38316463626461396265353963346462373835363631366162373336623263643736373630316130
63383661623566393331653064633132626464373962303934316139393264383639376266383365
62376436343833613063313665663135323937626234373536313530396539373937323138333837
61613832356531343030623663323736326331336332333263633361316132393833666236636265
32636561653062393033323565373761326363323761393737383464363433306363636633636462
39303231613338396138663966303538383139663461313061303330303637363531656164316664
33643638376131653433376135343337386366643163623935323134663934363634653535363165
64643062623062666136373864626165363466346639666537616236626438353936333433386130
39313936363833633533623837623633323364363933633438653166383436376665323730636163
65646165346434386366613664613739636438623462633931383930373164353234333737323935
35363635346438613139633466306265363562343866333533653736313464643437363065633566
38643037396233336530333763626639316433346638633462343736333430383233363839343862
39336134383435346138336566656165386336666161343637363665333633303034396264313763
39623534316439623764646636636266376364653163326338656465333434646337333537323635
33613961313934343037353165383263626462636633393066643936393534626230393139356462
62346163323538366639393662343330633631663838333665653361636639643463383264666639
38366530373761353064373337313062383536633661306439623436306662313935393631316235
32313131383361333238336631333065306434393635393466306663653762663031373538633836
31313363313937373762336365383037306164343932346361653361343530333466626465666661
39393136373633333731373264643130353439323065623135303930613935373833316431303563
66343465636239636363643339353133613436613865323430343163366239326134323164356433
66383365633739393131613765323736386461653263383235336237346630623238366337343932
36656632333264343931613435313666326538643263623866636630383663643262623030633034
36646631313734633239333739323131326166636466623762653662313064393130343934383934
37636332303039306633623231353233666431636165393230656364323762663238343332306233
63643237383734613735383237333634326661616466323064306338336333623339313730623565
36663661326334306433653436373365353962303638346465653666353163373864643236646235
36353737623532343866373036373234663137376237396562366563666562663966343665623134
34656332633437333331626161346339366337316532623764383961373266316666303232623839
37323636663635373265303933383836303637656463326662343663613532353865363032613761
35643936383033356234346237633135666236623461366361366663396565336536393037386264
37343437633134653536613266623365636133363163336530336532383234383366376339396436
36363363373161306261316163313461363266633734656233643638373437646163356566656464
32303864363939366537376333366166613033656437653963613361343937363164386136623235
32333536303565653735393161316563643032623065643339666637313161643165333561373362
65353364306430353839623530343464323363353638373031303538366463666466306637373265
66616462323938366131323634333064343934316461306264343231356332396435363032656433
35636461373730393836303136373262343161626430343238656131633534643635373730383337
31313034663064666133636265653962393839316537323533316233393461383736653663313964
64646233353535666530353239643036326433623066333333303333393562633334643262656230
62343639626336353733636561616330613135623262333439333163323065623133636138633565
65333032613733623736306165306564643034363038366439653735643762363837373730666663
36376563626561616435643038326632373861633933326434633263333764313466613537323539
37663831636538393036613431353336646238366461353665623161366439613634333736613534
31386433643035383130313366626638346563616636643561643137666235393636383137353933
65373030653465663138626232346562633534633661386232666235373461653430613465623133
63323138363133343661386664353337613336636264346464636332633530323931616236666232
39653936646136363033313939303637663938323638316532663963613932363438396636643461
61346137363461353261663034343538666435396536316538346237363337356265653533353934
34323038616635376161633639363162353834666239613633616336306231303861633338373038
32393666323461313638346130303032663930643338636333356632623864646636313163343661
62643837323835373937353034383361643366363039313262646437333433613865653062323161
31613233343038623130313037333033313138396337623561643833656337653533396132343763
61303739343263333062653739353938633132373634653238346561303065663939343363633362
35376135336636326461646663333536323932643333363963623438646135353365643735356265
38306337643638353434376161383838376131326132353361623934663130386338653431663636
61363836623638303934346337356139376333396233393734366364393639383662616165653834
35663534616336396138336665616466646330656332643432623938653264386661316364366435
39616331663762366231353938663764666638306536663761396163393330396633623431343661
32323430623566666332643733613765623237376336316130373266636664353232363066386338
31316366333935363165646661323639643338653130626636313230383966646165366238363264
65653237663464643034666230323738306466306536633732353234633038333835346234643039
6433646239346435373139306137303063666638303232643733
